Algorithm R
12371.0
12200.0
12354.0
12523.0
12273.0
12273.0
12258.0
12648.0
12317.0
12383.0
12457.0
12406.0
12400.0
12497.0
12220.0
12542.0
12308.0
12343.0
12545.0
12398.0
12075.0
12248.0
12383.0
12457.0
12466.0
12627.0
12560.0
11033.0
12306.0
12031.0
11990.0
12421.0
12090.0
12246.0
12340.0
12473.0
12700.0
12504.0
12419.0
12429.0
12468.0
12425.0
11529.0
12421.0
12357.0
12084.0
12497.0
12465.0
12282.0
12458.0
12398.0
12333.0
12383.0
12250.0
12373.0
12284.0
12532.0
12435.0
12533.0
12235.0
12584.0
12253.0
12413.0
12427.0
12427.0
12526.0
12460.0
12470.0
12284.0
12505.0
12473.0
12393.0
12387.0
12409.0
12255.0
12323.0
11807.0
12387.0
12270.0
12508.0
12312.0
12364.0
12419.0
12272.0
12125.0
12323.0
12436.0
12324.0
11521.0
12532.0
12495.0
12427.0
12515.0
12493.0
12055.0
12608.0
12110.0
12362.0
12443.0
12351.0
Average max_cut: 12343.04
Best max_cut: 12700.0
Algorithm S
13535.0
13535.0
13535.0
13535.0
13535.0
13535.0
13535.0
13535.0
13535.0
13535.0
13535.0
13535.0
13535.0
13535.0
13535.0
13535.0
13535.0
13535.0
13535.0
13535.0
13535.0
13535.0
13535.0
13535.0
13535.0
13535.0
13535.0
13535.0
13535.0
13535.0
13535.0
13535.0
13535.0
13535.0
13535.0
13535.0
13535.0
13535.0
13535.0
13535.0
13535.0
13535.0
13535.0
13535.0
13535.0
13535.0
13535.0
13535.0
13535.0
13535.0
13535.0
13535.0
13535.0
13535.0
13535.0
13535.0
13535.0
13535.0
13535.0
13535.0
13535.0
13535.0
13535.0
13535.0
13535.0
13535.0
13535.0
13535.0
13535.0
13535.0
13535.0
13535.0
13535.0
13535.0
13535.0
13535.0
13535.0
13535.0
13535.0
13535.0
13535.0
13535.0
13535.0
13535.0
13535.0
13535.0
13535.0
13535.0
13535.0
13535.0
13535.0
13535.0
13535.0
13535.0
13535.0
13535.0
13535.0
13535.0
13535.0
13535.0
Average max_cut: 13535.0
Best max_cut: 13535.0
Algorithm RS
13428.0
13463.0
13469.0
13534.0
13498.0
13567.0
13550.0
13545.0
13379.0
13423.0
13608.0
13485.0
13629.0
13470.0
13549.0
13512.0
13515.0
13426.0
13497.0
13507.0
13658.0
13498.0
13476.0
13506.0
13545.0
13525.0
13497.0
13450.0
13518.0
13433.0
13467.0
13466.0
13583.0
13405.0
13394.0
13558.0
13438.0
13524.0
13499.0
13517.0
13503.0
13509.0
13517.0
13503.0
13623.0
13471.0
13482.0
13571.0
13448.0
13541.0
13426.0
13499.0
13473.0
13574.0
13592.0
13514.0
13589.0
13506.0
13554.0
13597.0
13365.0
13586.0
13505.0
13427.0
13534.0
13638.0
13429.0
13406.0
13530.0
13610.0
13498.0
13440.0
13588.0
13524.0
13390.0
13567.0
13518.0
13450.0
13556.0
13569.0
13495.0
13469.0
13520.0
13513.0
13526.0
13480.0
13554.0
13655.0
13442.0
13466.0
13491.0
13448.0
13455.0
13419.0
13549.0
13498.0
13442.0
13448.0
13543.0
13632.0
Average max_cut: 13506.78
Best max_cut: 13658.0
