Algorithm R
258.0
244.0
253.0
257.0
244.0
260.0
250.0
264.0
283.0
248.0
258.0
250.0
242.0
244.0
251.0
276.0
249.0
248.0
264.0
269.0
245.0
249.0
232.0
238.0
246.0
259.0
242.0
261.0
250.0
242.0
262.0
255.0
250.0
233.0
261.0
260.0
268.0
260.0
239.0
252.0
252.0
255.0
244.0
260.0
272.0
234.0
263.0
259.0
252.0
260.0
270.0
260.0
249.0
252.0
259.0
261.0
254.0
249.0
246.0
253.0
243.0
250.0
254.0
251.0
254.0
253.0
226.0
236.0
247.0
237.0
257.0
261.0
255.0
253.0
237.0
246.0
271.0
260.0
246.0
249.0
250.0
255.0
260.0
260.0
257.0
253.0
243.0
245.0
252.0
244.0
251.0
258.0
273.0
277.0
240.0
238.0
253.0
247.0
232.0
249.0
Average max_cut: 252.43
Best max_cut: 283.0
Algorithm S
500.0
500.0
500.0
500.0
500.0
500.0
500.0
500.0
500.0
500.0
500.0
500.0
500.0
500.0
500.0
500.0
500.0
500.0
500.0
500.0
500.0
500.0
500.0
500.0
500.0
500.0
500.0
500.0
500.0
500.0
500.0
500.0
500.0
500.0
500.0
500.0
500.0
500.0
500.0
500.0
500.0
500.0
500.0
500.0
500.0
500.0
500.0
500.0
500.0
500.0
500.0
500.0
500.0
500.0
500.0
500.0
500.0
500.0
500.0
500.0
500.0
500.0
500.0
500.0
500.0
500.0
500.0
500.0
500.0
500.0
500.0
500.0
500.0
500.0
500.0
500.0
500.0
500.0
500.0
500.0
500.0
500.0
500.0
500.0
500.0
500.0
500.0
500.0
500.0
500.0
500.0
500.0
500.0
500.0
500.0
500.0
500.0
500.0
500.0
500.0
Average max_cut: 500.0
Best max_cut: 500.0
Algorithm RS
500.0
500.0
500.0
500.0
500.0
500.0
500.0
500.0
500.0
500.0
500.0
500.0
500.0
500.0
500.0
500.0
500.0
500.0
500.0
500.0
500.0
500.0
500.0
500.0
500.0
500.0
500.0
500.0
500.0
500.0
500.0
500.0
500.0
500.0
500.0
500.0
500.0
500.0
500.0
500.0
500.0
500.0
500.0
500.0
500.0
500.0
500.0
500.0
500.0
500.0
500.0
500.0
500.0
500.0
500.0
500.0
500.0
500.0
500.0
500.0
500.0
500.0
500.0
500.0
500.0
500.0
500.0
500.0
500.0
500.0
500.0
500.0
500.0
500.0
500.0
500.0
500.0
500.0
500.0
500.0
500.0
500.0
500.0
500.0
500.0
500.0
500.0
500.0
500.0
500.0
500.0
500.0
500.0
500.0
500.0
500.0
500.0
500.0
500.0
500.0
Average max_cut: 500.0
Best max_cut: 500.0
